2
214
158
111
249
29
4
171
208
34
22
31
216
115
161
172
59
112
98
150
30
110
143
57
157
5
20
74
166
190
174
14
207
185
156
154
199
104
19
225
45
164
235
81
141
100
107
80
35
128
3
65
236
187
113
204
122
134
127
152
242
54
94
238
142
206
79
184
50
182
95
89
220
27
49
76
123
240
99
1
108
186
7
232
18
119
73
60
218
70
254
47
121
28
155
48
227
0
6
126
46
15
56
51
33
173
165
84
202
167
41
252
90
71
105
125
197
149
181
244
11
144
163
129
109
37
85
53
245
117
116
10
38
191
25
92
26
198
255
153
93
132
170
102
62
175
120
179
32
67
193
237
36
234
230
63
24
243
160
66
87
8
83
96
195
192
131
64
130
215
9
189
68
42
103
168
147
224
194
86
159
217
221
133
21
180
138
39
40
146
118
222
239
248
178
183
201
61
69
148
75
17
13
101
213
52
139
145
12
250
135
233
124
91
177
77
229
212
203
16
162
23
137
188
219
176
226
151
136
82
247
72
211
97
44
58
43
209
140
251
241
205
228
106
231
169
253
196
55
200
210
246
223
88
114
78